100
2
200 100 100
2
1000000000 1000000000 1000000000
2
1000000000 100 1
2
250000001 0 1000000000
1
1230186 2180184
1
2935821 887570
1
1407387 1032426
2
8551762 3280089 9634095
2
13631327 7232283 2079245
2
8337748 3756540 1773996
1
1634417 1559743
2
14633800 2893926 2269034
1
5158294 1466390
1
3236030 2457058
2
3965588 2405136 816094
2
12528054 5947765 7222291
2
15028416 2423123 1336998
1
1215444 811075
1
4817796 2206613
2
16406561 5722808 5212294
2
11393403 6538938 5192037
2
8713808 2365239 1923270
1
1094645 262726
1
1266651 1108797
1
1170925 235260
1
9568484 7682572
2
8620684 9859893 3665409
1
7954754 7646787
2
6345510 9407169 2327475
2
6505611 2444217 9955906
1
6334683 6188611
2
6576556 3778719 5418196
1
6815141 8894191
1
3479182 2114094
2
2598540 2161025 1690533
2
13987589 9224653 5856712
1
1664550 1725140
1
2678650 4729902
1
1185229 487808
2
7628169 9674563 3963965
2
5264034 4444867 5799981
2
18679409 8300797 6777486
1
3420725 5445876
1
2532755 4286362
2
10829401 2840270 120384
2
18991861 7713287 6031497
2
8190464 8770422 2602002
2
8818582 9507009 2228319
1
9627459 9997694
1
4421773 4204491
2
7380123 8082213 9281707
2
9821161 8821322 3967624
2
7968326 7364630 8252218
2
19438059 6804642 4927033
1
7254120 3616261
1
4461572 2655923
1
6211718 1422104
1
6948176 3496982
2
6379281 7305017 2601016
2
4394960 5632761 1133833
1
4660787 1162966
1
5604727 8831058
1
7581038 5979583
2
11432804 9818329 1920879
1
2899382 638214
1
7557569 3746529
2
5424889 902857 61590
1
3604495 3950237
2
13198552 4946922 9299816
1
9010433 3641645
1
1085503 1828222
1
7755123 6990948
2
8323296 9326173 4249926
1
8989397 3385373
2
6392293 3307258 9022252
1
666789 1116751
1
1079522 957792
2
8322295 1838548 358147
1
3583394 3773302
2
4096785 5140394 2924207
2
4791773 1399364 2082198
2
7305294 5176919 3314127
1
4268782 4732155
1
2012593 404694
2
6189412 5796076 3016215
1
8037740 6891546
2
14848489 5605016 1734837
1
3922984 1213116
1
1584942 1149472
1
5910038 7427875
2
11946331 5898574 2758343
2
16458048 6629894 9680819
1
6697398 8033194
2
6208409 518200 215845
2
16142138 4309736 1308138
2
6383594 5635151 4145308
2
13484751 3270363 1956059
2
5664107 6989629 5173526
2
15480854 5768398 2080397
2
9992969 636648 1323249
